0	514.944246380652	295.126275299524	32.6373857975006	149.085496853232	272.849563613782	1.48774781805932
						
						
						
						
15	800123.316028111	800038.485665227	30.7460829257965	446935.61641041	447125.302868374	1.6031431456616
						
						
						
						
30	200324.11426239	200061.263684076	31.3671601295471	447031.873682875	447178.791505443	1.22986269135546
						
						
						
						
45	533.054689549539	214.874078102311	32.3316562175751	189.73142280622	237.435285144153	1.93986459946342
						
						
						
						
60	549.028634377294	436.966371016295	31.9313305854797	169.681499126536	265.044442584666	2.17269881009912
						
						
						
						
75	631.679131845067	631.679131845067	30.2708650588989	148.822515279936	148.822515279936	0.173097460132192
						
						
						
						
90	495.421161195473	347.529250693786	30.6593057632446	186.14345021014	304.074467750116	0.727307783310509
						
						
						
						
105	497.381904975673	228.844560556489	32.8554356575012	215.553079914635	358.258259300969	2.59203685019353
						
						
						
						
120	481.182333291146	139.934307158746	31.7716050624847	181.101805736181	123.822131748262	1.27193670543458
						
						
						
						
135	512.092554175453	383.44198427902	30.7288304805756	194.286655978059	300.173658606674	0.804559141902712
						
						
						
						
150	451.823522193965	333.464106787736	32.225085401535	169.78398472381	296.840792811549	2.82514152900437
						
						
						
						
165	488.592168948561	369.413862829294	31.184937953949	95.3645775818517	192.49208625157	1.06497833813356
						
						
						
						
180	449.021629078134	306.452515463218	30.9537803173065	148.154203736669	264.949300424579	1.03702613498238
						
						
						
						
195	525.064232108272	285.490355550607	32.9995631217957	124.292588557133	297.555411559947	2.85428045971295
						
						
						
						
210	409.470239136212	236.764017123096	31.8242383003235	135.846300514072	261.067466165141	1.47474804406254
						
						
						
						
240	521.405408178716	198.414666726286	32.4679418087006	117.34063088846	174.597386007244	1.22407778212909
						
						
						
						
255	487.342955273384	268.289188409959	31.5421469211578	153.804013251099	221.675625934492	1.03600256691484
						
						
						
						
270	475.175640167358	338.545154975958	32.3314532279968	212.156849692162	275.866641071944	2.18876838764853

